15
0 0 0 0 0 0 0 0 38 68 68 57 31 25 0
0 0 0 0 0 0 0 0 51 90 90 72 39 31 0
0 0 0 43 63 64 35 0 56 92 92 64 30 0 0
0 0 0 55 95 96 57 0 0 0 94 61 26 0 0
0 0 0 62 120 121 77 0 0 0 86 57 32 26 0
0 0 0 43 80 81 52 0 0 0 86 57 37 30 0
0 0 0 27 44 49 38 28 57 86 86 55 35 27 0
0 31 0 0 0 0 0 0 55 86 83 52 26 0 0
36 51 39 0 0 0 0 0 79 96 83 52 0 0 0
0 37 30 0 0 0 0 0 134 0 0 0 38 34 0
0 0 0 0 38 117 193 216 177 0 0 0 40 33 0
0 0 0 0 61 160 256 246 187 0 0 0 40 33 0
0 0 0 0 84 183 279 216 162 108 108 66 25 0 0
0 0 0 0 61 130 196 156 132 108 108 67 32 32 25
0 0 0 0 33 69 103 84 78 72 72 45 0 26 0
0 0 0 0 0 0 38 42 66 72 72 44 24 20 0
0 0 0 21 24 24 48 54 90 108 108 66 32 26 20
0 0 0 40 64 64 60 45 81 108 108 66 28 22 0
0 0 0 58 100 100 69 0 0 0 108 68 29 23 0
0 0 0 62 120 129 85 0 0 0 108 70 34 28 0
0 0 0 43 87 96 71 0 0 0 108 70 34 28 0
36 39 24 32 58 74 60 43 72 108 108 68 29 23 0
89 92 42 0 29 0 0 0 72 108 108 70 28 22 0
125 137 69 34 28 0 0 0 72 108 108 70 28 22 0
89 101 51 27 21 0 0 0 72 0 0 0 40 34 24
36 56 41 35 44 83 129 112 118 0 0 0 47 41 24
0 0 22 28 61 140 222 182 148 0 0 0 54 48 31
0 0 22 31 87 196 305 242 178 108 108 77 49 43 26
0 0 0 26 67 146 206 166 132 108 108 66 54 64 58
0 0 0 0 39 75 103 84 78 72 72 44 39 51 47
2
(6, 8), (8, 4)
